% Amp and RMS in mV or V for Sensor.

freq  =  [1.25 4    8    12   16   20   24   28   32   36   40   44   48   52   56   60   64   68   72   80   88    96]
pm_fa =  [9.2 9.24 9.25 9.3 9.3 9.25 9.2  8.55  7.88 6.3 4.6 3.35 2.5 1.88  1.54 1.35]    %x200 mV
id_fa =  [5 4.95  5.18 5.32 5.76 6.18 6.47  6.5  6.38 5.92 5.55 5.06 4.63 4.38  4.17 3.95]   %x200 uV

ic_amp = [58.4 59.2 55.2 51.2 60.0 71.2 75.2 72.0 69.6 66.4 68.0 64.0 59.2 56.8 51.2 51.2 50.4 51.2 48.0 54.4 49.6 44.8]
ic_rms = [46.8 47.3 43.9 44.5 44.0 44.8 45.9 44.2 42.6 40.5 39.0 36.6 35.7 34.9 33.2 32.6 31.9 32.2 31.2 32.0 30.7 28.9]
ic_dcy = [49.9 49.8 49.1 49.6 47.8 48.8 48.8 49.0 49.3 49.4 49.5 48.5 48.1 45.9 44.4 42.8 42.4 42.2 42.7 46.1 48.4 50.6]

pm_amp = [2.00 2.00 2.00 2.00 2.24 2.32 2.08 2.80 1.20 1.08 1.80 1.40 1.04 1.04 0.84 1.16]
pm_rms = [1.48 1.48 1.49 1.42 1.41 1.40 1.40 1.44 1.35 1.24 1.05 0.87 0.80 0.84 0.84 0.87]
pm_dcy = [49.5 48.5 47.2 46.4 44.1 42.1 40.8 47.3 56.7 54.7 40.5 44.2 27.6 77.4 35.6 66.5]

% illumination, distant, fundamental amplitude.
